0.000000 0.000000 0.000000
0.005589 -0.919904 0.040764
0.215495 -0.917933 0.110623
0.290798 -0.744736 0.122855
0.162939 -0.570505 0.105937
0.157352 -0.555578 0.109416
0.181085 -0.540644 0.114775
0.246614 -0.521789 0.120063
0.000137 -0.916143 -0.040596
0.183716 -0.911890 -0.175705
0.240952 -0.740827 -0.235148
0.115974 -0.567169 -0.200109
0.111215 -0.553127 -0.207360
0.133545 -0.543877 -0.224472
0.196094 -0.535837 -0.250940
-0.016840 -0.933084 0.000708
-0.016976 -0.997518 -0.003211
0.023206 -1.106573 -0.011015
0.109304 -1.232990 -0.024832
0.229188 -1.301346 -0.051396
0.268558 -1.307022 -0.147242
0.313122 -1.176832 -0.239044
0.475778 -1.097701 -0.173053
0.586749 -1.156406 -0.085430
0.614301 -1.162049 -0.066073
0.635160 -1.174702 -0.044163
0.637835 -1.181720 -0.023305
0.633131 -1.187011 -0.007310
0.603925 -1.173408 -0.078968
0.637726 -1.194068 -0.047051
0.639820 -1.202206 -0.019869
0.631241 -1.205829 -0.000220
0.602581 -1.182656 -0.081153
0.634088 -1.212540 -0.048784
0.634806 -1.219310 -0.019386
0.626299 -1.220382 0.000671
0.594320 -1.190873 -0.081956
0.621283 -1.227424 -0.053625
0.629788 -1.232859 -0.027104
0.628545 -1.233835 -0.006450
0.572857 -1.164254 -0.089926
0.567926 -1.179918 -0.082809
0.569740 -1.203455 -0.075348
0.582304 -1.221764 -0.057443
0.596737 -1.228518 -0.035312
0.230259 -1.304309 -0.023355
0.279330 -1.330485 0.065978
0.325235 -1.218809 0.178854
0.479255 -1.116546 0.121259
0.587469 -1.152840 0.017045
0.612037 -1.161654 -0.003900
0.624506 -1.176798 -0.025825
0.613526 -1.183882 -0.040539
0.597185 -1.185533 -0.040834
0.603410 -1.170587 0.011363
0.623550 -1.193596 -0.020867
0.606880 -1.198456 -0.039733
0.586181 -1.195533 -0.042087
0.602338 -1.179205 0.014978
0.620721 -1.210258 -0.015886
0.604244 -1.213100 -0.037658
0.584376 -1.207365 -0.042057
0.594376 -1.186894 0.017902
0.608194 -1.225174 -0.008929
0.596908 -1.226158 -0.031372
0.580573 -1.217354 -0.038857
0.574454 -1.159526 0.024112
0.569618 -1.175141 0.016664
0.568965 -1.198267 0.007566
0.574149 -1.222845 -0.008084
0.580980 -1.241531 -0.026051
0.216493 -1.335058 -0.040276
0.287101 -1.415406 -0.049774
0.321892 -1.475948 -0.055940
0.342818 -1.481977 -0.056778
0.371530 -1.467286 -0.054265
0.331210 -1.481110 -0.056708
0.336501 -1.479475 -0.056416
0.351054 -1.486763 -0.057493
0.370068 -1.490759 -0.058017
0.384333 -1.488446 -0.057564
0.344789 -1.509950 -0.077470
0.384860 -1.554014 -0.101333
0.344603 -1.515003 -0.045792
0.384480 -1.564378 -0.036356
0.306041 -1.560309 -0.069489
0.000000 0.000000 0.000000
0.000000 -0.923987 0.000000
0.011178 -0.915821 0.081528
0.419812 -0.920044 0.139717
0.161784 -0.569428 0.105993
0.164094 -0.571582 0.105882
0.150610 -0.539574 0.112950
0.211559 -0.541714 0.116600
0.281669 -0.501864 0.123525
0.000274 -0.908299 -0.081193
0.367158 -0.915482 -0.270218
0.114747 -0.566173 -0.200077
0.117200 -0.568165 -0.200141
0.105229 -0.538089 -0.214578
0.161861 -0.549665 -0.234367
0.230328 -0.522008 -0.267513
-0.033681 -0.942181 0.001416
-0.000272 -1.052855 -0.007838
0.046683 -1.160291 -0.014193
0.171926 -1.305689 -0.035471
0.286451 -1.297004 -0.067322
0.250664 -1.317041 -0.227161
0.375580 -1.036623 -0.250927
0.575975 -1.158778 -0.095179
0.575975 -1.158778 -0.095179
0.597523 -1.154034 -0.075682
0.631079 -1.170064 -0.056465
0.639241 -1.179341 -0.031860
0.636429 -1.184099 -0.014750
0.629833 -1.189922 0.000130
0.631875 -1.188038 -0.062758
0.643577 -1.200097 -0.031344
0.636063 -1.204315 -0.008394
0.626419 -1.207344 0.007954
0.629187 -1.206533 -0.067128
0.638990 -1.218546 -0.030440
0.630622 -1.220073 -0.008332
0.621976 -1.220691 0.009674
0.612664 -1.222968 -0.068733
0.629903 -1.231879 -0.038517
0.629672 -1.233838 -0.015691
0.627418 -1.233831 0.002790
0.569740 -1.169730 -0.084674
0.566112 -1.190106 -0.080943
0.573368 -1.216804 -0.069752
0.591241 -1.226723 -0.045134
0.602234 -1.230314 -0.025489
0.288593 -1.302929 -0.011239
0.270067 -1.358041 0.143195
0.380404 -1.079577 0.214513
0.578106 -1.153514 0.028005
0.578106 -1.153514 0.028005
0.596832 -1.152167 0.006085
0.627242 -1.171141 -0.013885
0.621770 -1.182455 -0.037765
0.605282 -1.185308 -0.043313
0.589089 -1.185757 -0.038354
0.628714 -1.187660 -0.005278
0.618387 -1.199532 -0.036455
0.595373 -1.197381 -0.043011
0.576989 -1.193684 -0.041162
0.626571 -1.204896 0.001950
0.614871 -1.215620 -0.033721
0.593616 -1.210581 -0.041595
0.575137 -1.204148 -0.042519
0.610645 -1.220274 0.007798
0.605743 -1.230074 -0.025655
0.588074 -1.222243 -0.037089
0.573073 -1.212465 -0.040626
0.570802 -1.165539 0.020219
0.568434 -1.184742 0.013109
0.569497 -1.211792 0.002022
0.578802 -1.233899 -0.018189
0.583158 -1.249164 -0.033913
0.261061 -1.364427 -0.045081
0.313141 -1.466385 -0.054467
0.330643 -1.485511 -0.057414
0.354994 -1.478443 -0.056142
0.412417 -1.449062 -0.051117
0.331778 -1.476710 -0.056003
0.341225 -1.482241 -0.056829
0.360884 -1.491286 -0.058156
0.379252 -1.490231 -0.057879
0.389414 -1.486661 -0.057249
0.376436 -1.553515 -0.100473
0.393284 -1.554513 -0.102193
0.376065 -1.563620 -0.037117
0.392894 -1.565135 -0.035596
0.298940 -1.654232 -0.084510
0.000000 0.000000 0.000000
0.068466 -0.797430 2.206849
