-0.724888 -3.370134 -1.058914
-0.724888 -3.370134 -1.058914
-0.724888 -3.370134 -1.058914
-0.724888 -3.370134 -1.058914
-0.694074 -3.348639 -0.151023
-0.505151 -3.437746 -0.254071
-0.287739 -3.603549 -0.512923
-0.228580 -3.658661 -0.684207
-0.218321 -3.660338 -0.697829
-0.184749 -3.667515 -0.692909
-0.125819 -3.688802 -0.668092
-0.755210 -3.397354 -0.138139
-0.756777 -3.529780 -0.322728
-0.822334 -3.527461 -0.629234
-0.916233 -3.420312 -0.754049
-0.924676 -3.421287 -0.769074
-0.913475 -3.444627 -0.780678
-0.872133 -3.496290 -0.793465
-0.733581 -3.356508 -0.124650
-0.719185 -3.347984 -0.058699
-0.674750 -3.351436 0.054320
-0.599453 -3.364286 0.195513
-0.525730 -3.434029 0.289801
-0.557063 -3.471689 0.353155
-0.717593 -3.466469 0.474305
-0.935114 -3.498796 0.614801
-1.055125 -3.510232 0.686404
-1.075132 -3.483560 0.690943
-1.089494 -3.454414 0.700703
-1.100048 -3.436064 0.707313
-1.107793 -3.421100 0.711724
-1.056620 -3.487640 0.696965
-1.077028 -3.440975 0.712194
-1.088641 -3.414810 0.720887
-1.096017 -3.395293 0.726780
-1.050357 -3.484798 0.703308
-1.063778 -3.432876 0.724938
-1.074512 -3.404799 0.734248
-1.081853 -3.385356 0.740185
-1.043981 -3.488667 0.712210
-1.048588 -3.441787 0.742011
-1.055118 -3.414394 0.749623
-1.059847 -3.394842 0.754180
-1.044435 -3.519318 0.695121
-1.045416 -3.516105 0.713250
-1.044985 -3.500291 0.731868
-1.045081 -3.473791 0.747013
-1.045671 -3.449952 0.759824
-0.503510 -3.421060 0.278211
-0.403975 -3.414372 0.273566
-0.298400 -3.372759 0.149979
-0.325678 -3.452593 -0.049980
-0.394115 -3.524023 -0.142877
-0.387410 -3.528777 -0.175741
-0.390352 -3.534682 -0.208842
-0.395227 -3.532340 -0.230306
-0.400626 -3.526736 -0.245968
-0.402377 -3.534963 -0.163964
-0.406116 -3.542397 -0.215735
-0.410456 -3.536166 -0.244754
-0.414450 -3.530115 -0.265351
-0.411129 -3.538384 -0.164616
-0.422848 -3.550013 -0.219152
-0.425578 -3.545631 -0.250365
-0.427246 -3.542291 -0.271806
-0.422125 -3.536188 -0.161306
-0.443480 -3.547807 -0.210710
-0.443841 -3.546160 -0.239865
-0.443553 -3.542835 -0.260363
-0.407237 -3.520875 -0.133158
-0.421770 -3.515168 -0.143272
-0.437025 -3.516340 -0.162939
-0.447463 -3.523339 -0.190808
-0.454729 -3.529450 -0.216345
-0.511568 -3.406496 0.313414
-0.467649 -3.458901 0.391221
-0.460090 -3.492901 0.443792
-0.466192 -3.513412 0.447918
-0.474973 -3.539186 0.430452
-0.462763 -3.502290 0.448125
-0.464362 -3.507150 0.445986
-0.468550 -3.521734 0.451973
-0.474120 -3.540217 0.454229
-0.478394 -3.553537 0.450573
-0.481518 -3.513635 0.479217
-0.508641 -3.551497 0.523347
-0.450889 -3.523051 0.477709
-0.445817 -3.570812 0.520256
-0.453880 -3.486537 0.530235
-0.724888 -3.370134 -0.134927
-0.663260 -3.327144 -0.167120
-0.347042 -3.548348 -0.341023
-0.228436 -3.658750 -0.684823
-0.228724 -3.658571 -0.683591
-0.207918 -3.662104 -0.712068
-0.161579 -3.672926 -0.673750
-0.090059 -3.704678 -0.662433
-0.785531 -3.424574 -0.141352
-0.728023 -3.634985 -0.504103
-0.916644 -3.419937 -0.754365
-0.915823 -3.420686 -0.753733
-0.933529 -3.421888 -0.784415
-0.893420 -3.467365 -0.776941
-0.850846 -3.525215 -0.809989
-0.742273 -3.342881 -0.114374
-0.696097 -3.353088 -0.003026
-0.653403 -3.349784 0.111666
-0.545502 -3.378788 0.279360
-0.505959 -3.489270 0.300241
-0.608168 -3.454108 0.406067
-0.827017 -3.478829 0.542543
-1.043210 -3.518764 0.687059
-1.043210 -3.518764 0.687059
-1.067041 -3.501699 0.685749
-1.083224 -3.465421 0.696137
-1.095764 -3.443408 0.705269
-1.104331 -3.428720 0.709358
-1.111254 -3.413481 0.714091
-1.070030 -3.456516 0.706872
-1.084026 -3.425434 0.717517
-1.093257 -3.404187 0.724257
-1.098778 -3.386399 0.729303
-1.057504 -3.450832 0.719558
-1.070051 -3.414920 0.730318
-1.078973 -3.394677 0.738177
-1.084733 -3.376034 0.742192
-1.044752 -3.458570 0.737362
-1.052424 -3.425004 0.746660
-1.057813 -3.403784 0.752587
-1.061881 -3.385900 0.755773
-1.045660 -3.519872 0.703184
-1.045172 -3.512338 0.723316
-1.044799 -3.488243 0.740421
-1.045362 -3.459339 0.753604
-1.045980 -3.440565 0.766043
-0.461519 -3.463332 0.277062
-0.346432 -3.365412 0.270070
-0.250368 -3.380106 0.029888
-0.400987 -3.525080 -0.129847
-0.400987 -3.525080 -0.129847
-0.387242 -3.522966 -0.155907
-0.387578 -3.534589 -0.195575
-0.393127 -3.534776 -0.222110
-0.397328 -3.529903 -0.238502
-0.403924 -3.523570 -0.253434
-0.403768 -3.544846 -0.198081
-0.408463 -3.539949 -0.233389
-0.412449 -3.532383 -0.256120
-0.416450 -3.527847 -0.274582
-0.421271 -3.551688 -0.199385
-0.424425 -3.548338 -0.238919
-0.426732 -3.542924 -0.261812
-0.427761 -3.541658 -0.281800
-0.443264 -3.547297 -0.192765
-0.443697 -3.548317 -0.228656
-0.443985 -3.544003 -0.251074
-0.443121 -3.541667 -0.269652
-0.413487 -3.516670 -0.136469
-0.430054 -3.513667 -0.150074
-0.443996 -3.519013 -0.175805
-0.450929 -3.527664 -0.205811
-0.458528 -3.531237 -0.226880
-0.477633 -3.434204 0.347467
-0.457664 -3.483598 0.434974
-0.462516 -3.502204 0.452610
-0.469867 -3.524620 0.443226
-0.487431 -3.576167 0.408293
-0.463010 -3.502376 0.443640
-0.465714 -3.511925 0.448332
-0.471386 -3.531543 0.455615
-0.476855 -3.548892 0.452844
-0.479934 -3.558182 0.448302
-0.505371 -3.543671 0.523459
-0.511911 -3.559324 0.523236
-0.444114 -3.562504 0.520444
-0.447520 -3.579120 0.520067
-0.450096 -3.489475 0.625496
