0.000000 0.000000 0.000000
0.030814 -0.907890 0.021495
0.219737 -0.804842 -0.067612
0.437149 -0.545990 -0.233415
0.496308 -0.374707 -0.288527
0.506567 -0.361084 -0.290203
0.540140 -0.366005 -0.297381
0.599069 -0.390822 -0.318667
-0.030321 -0.920774 -0.027220
-0.031889 -0.736186 -0.159645
-0.097445 -0.429680 -0.157327
-0.191345 -0.304865 -0.050177
-0.199787 -0.289840 -0.051153
-0.188586 -0.278236 -0.074492
-0.147245 -0.265448 -0.126156
-0.008693 -0.934263 0.013627
0.005703 -1.000214 0.022150
0.050138 -1.113234 0.018698
0.125436 -1.254427 0.005848
0.199158 -1.348714 -0.063895
0.167825 -1.412068 -0.101555
0.007296 -1.533219 -0.096334
-0.210225 -1.673714 -0.128662
-0.330237 -1.745317 -0.140097
-0.350244 -1.749857 -0.113426
-0.364606 -1.759616 -0.084280
-0.375159 -1.766227 -0.065929
-0.382904 -1.770638 -0.050966
-0.331732 -1.755879 -0.117506
-0.352140 -1.771108 -0.070841
-0.363753 -1.779800 -0.044676
-0.371129 -1.785694 -0.025159
-0.325469 -1.762222 -0.114664
-0.338889 -1.783852 -0.062742
-0.349624 -1.793161 -0.034664
-0.356965 -1.799098 -0.015221
-0.319093 -1.771124 -0.118533
-0.323700 -1.800925 -0.071652
-0.330230 -1.808537 -0.044259
-0.334958 -1.813093 -0.024707
-0.319546 -1.754035 -0.149184
-0.320527 -1.772164 -0.145971
-0.320097 -1.790782 -0.130156
-0.320192 -1.805926 -0.103657
-0.320783 -1.818737 -0.079818
0.221378 -1.337125 -0.050925
0.320913 -1.332480 -0.044237
0.426488 -1.208893 -0.002624
0.399211 -1.008934 -0.082459
0.330774 -0.916036 -0.153889
0.337478 -0.883173 -0.158643
0.334536 -0.850071 -0.164548
0.329661 -0.828608 -0.162205
0.324263 -0.812946 -0.156602
0.322511 -0.894950 -0.164829
0.318773 -0.843179 -0.172263
0.314432 -0.814159 -0.166032
0.310439 -0.793562 -0.159981
0.313760 -0.894297 -0.168250
0.302041 -0.839761 -0.179879
0.299310 -0.808548 -0.175497
0.297642 -0.787108 -0.172157
0.302763 -0.897608 -0.166054
0.281408 -0.848203 -0.177673
0.281047 -0.819049 -0.176026
0.281335 -0.798550 -0.172701
0.317651 -0.925755 -0.150741
0.303118 -0.915642 -0.145034
0.287863 -0.895974 -0.146206
0.277426 -0.868106 -0.153204
0.270159 -0.842568 -0.159316
0.213321 -1.372327 -0.036361
0.257240 -1.450134 -0.088766
0.264798 -1.502706 -0.122767
0.258697 -1.506832 -0.143278
0.249915 -1.489365 -0.169052
0.262126 -1.507039 -0.132156
0.260526 -1.504900 -0.137016
0.256338 -1.510887 -0.151600
0.250768 -1.513143 -0.170083
0.246494 -1.509487 -0.183403
0.243370 -1.538130 -0.143500
0.216247 -1.582261 -0.181363
0.273999 -1.536623 -0.152917
0.279071 -1.579169 -0.200678
0.271008 -1.589149 -0.116402
0.000000 0.000000 0.000000
0.000000 -0.923987 0.000000
0.061628 -0.891794 0.042990
0.377846 -0.717890 -0.178214
0.496452 -0.374090 -0.288616
0.496164 -0.375323 -0.288437
0.516970 -0.346846 -0.291970
0.563310 -0.385163 -0.302792
0.634829 -0.396481 -0.334543
-0.060643 -0.917561 -0.054440
-0.003135 -0.554811 -0.264850
-0.191756 -0.304549 -0.049803
-0.190934 -0.305180 -0.050552
-0.208641 -0.274499 -0.051754
-0.168532 -0.281972 -0.097231
-0.125958 -0.248925 -0.155080
-0.017385 -0.944540 0.027253
0.028791 -1.055888 0.017047
0.071485 -1.170580 0.020350
0.179386 -1.338274 -0.008653
0.218930 -1.359155 -0.119136
0.116720 -1.464981 -0.083974
-0.102129 -1.601457 -0.108695
-0.318321 -1.745972 -0.148630
-0.318321 -1.745972 -0.148630
-0.342152 -1.744663 -0.131565
-0.358336 -1.755050 -0.095287
-0.370875 -1.764182 -0.073273
-0.379443 -1.768271 -0.058586
-0.386366 -1.773005 -0.043346
-0.345142 -1.765785 -0.086382
-0.359137 -1.776430 -0.055300
-0.368369 -1.783171 -0.034053
-0.373889 -1.788216 -0.016265
-0.332616 -1.778471 -0.080698
-0.345163 -1.789232 -0.044786
-0.354085 -1.797091 -0.024542
-0.359845 -1.801106 -0.005900
-0.319864 -1.796276 -0.088436
-0.327536 -1.805573 -0.054869
-0.332925 -1.811501 -0.033650
-0.336992 -1.814686 -0.015765
-0.320771 -1.762098 -0.149738
-0.320283 -1.782229 -0.142204
-0.319911 -1.799335 -0.118109
-0.320474 -1.812518 -0.089205
-0.321092 -1.824956 -0.070431
0.263369 -1.335976 -0.093197
0.378457 -1.328984 0.004723
0.474520 -1.088801 -0.009972
0.323902 -0.929066 -0.154946
0.323902 -0.929066 -0.154946
0.337646 -0.903007 -0.152832
0.337311 -0.863338 -0.164454
0.331762 -0.836804 -0.164642
0.327561 -0.820412 -0.159768
0.320964 -0.805480 -0.153435
0.321120 -0.860833 -0.174712
0.316425 -0.825525 -0.169814
0.312439 -0.802794 -0.162249
0.308438 -0.784331 -0.157712
0.303618 -0.859528 -0.181554
0.300463 -0.819994 -0.178203
0.298157 -0.797102 -0.172790
0.297128 -0.777113 -0.171524
0.281625 -0.866149 -0.177162
0.281191 -0.830258 -0.178183
0.280903 -0.807839 -0.173869
0.281768 -0.789261 -0.171533
0.311401 -0.922444 -0.146535
0.294834 -0.908840 -0.143532
0.280892 -0.883109 -0.148879
0.273959 -0.853103 -0.157530
0.266360 -0.832034 -0.161102
0.247255 -1.406381 -0.064069
0.267224 -1.493888 -0.113464
0.262373 -1.511524 -0.132070
0.255021 -1.502140 -0.154486
0.237458 -1.467207 -0.206033
0.261879 -1.502554 -0.132241
0.259174 -1.507246 -0.141791
0.253503 -1.514528 -0.161408
0.248034 -1.511757 -0.178758
0.244955 -1.507216 -0.188048
0.219517 -1.582373 -0.173537
0.212978 -1.582150 -0.189189
0.280775 -1.579358 -0.192370
0.277368 -1.578981 -0.208986
0.274793 -1.684410 -0.119341
0.000000 0.000000 0.000000
-0.724888 -1.058914 3.370134
