0.000000 0.000000 0.000000
0.005520 -0.918909 0.038376
0.209267 -0.885151 0.093926
0.311299 -0.681199 0.112134
0.212114 -0.490007 0.118488
0.238646 -0.478791 0.126015
0.304724 -0.469344 0.133101
0.000108 -0.915926 -0.038262
0.194753 -0.882408 -0.120324
0.291956 -0.683065 -0.147870
0.193018 -0.493517 -0.138318
0.219578 -0.486768 -0.149654
0.285440 -0.486793 -0.162614
-0.016634 -0.933448 0.000806
-0.012781 -0.995565 -0.002256
0.030268 -1.100781 -0.010405
0.110892 -1.226955 -0.024370
0.225338 -1.304463 -0.052953
0.260814 -1.332386 -0.136847
0.371337 -1.327471 -0.234186
0.639229 -1.301843 -0.241041
0.789065 -1.301605 -0.221546
0.822856 -1.299568 -0.226283
0.857386 -1.303069 -0.223069
0.880635 -1.305348 -0.220201
0.898418 -1.306355 -0.217676
0.811041 -1.308151 -0.211746
0.864174 -1.309152 -0.203373
0.894318 -1.306890 -0.196023
0.916058 -1.306681 -0.190590
0.811504 -1.311366 -0.202464
0.866371 -1.313609 -0.182406
0.897130 -1.308763 -0.171599
0.918653 -1.308161 -0.164865
0.806699 -1.309636 -0.191872
0.855476 -1.312276 -0.163473
0.884608 -1.308946 -0.155880
0.905339 -1.307173 -0.151285
0.777659 -1.300228 -0.209042
0.783308 -1.292877 -0.193230
0.797080 -1.290602 -0.172724
0.820911 -1.290780 -0.152344
0.840636 -1.291907 -0.133003
0.227585 -1.306002 -0.024867
0.282417 -1.340358 0.050564
0.411947 -1.332187 0.119139
0.676653 -1.294455 0.076508
0.818135 -1.287407 0.039569
0.846961 -1.280694 0.053368
0.878982 -1.281622 0.062391
0.900895 -1.282120 0.067139
0.917895 -1.281302 0.069537
0.840979 -1.294130 0.040281
0.891464 -1.293278 0.050572
0.921025 -1.291125 0.053141
0.942309 -1.290484 0.055067
0.844379 -1.299869 0.033666
0.900297 -1.303260 0.035751
0.931610 -1.299526 0.036107
0.953093 -1.298407 0.037430
0.843536 -1.302114 0.022691
0.896563 -1.308391 0.014579
0.924995 -1.303488 0.015180
0.944795 -1.298739 0.015712
0.811983 -1.291232 0.025052
0.821966 -1.288996 0.010806
0.840126 -1.291684 -0.004368
0.867393 -1.294679 -0.016202
0.891484 -1.297666 -0.027142
0.208734 -1.334563 -0.039098
0.272470 -1.414830 -0.048587
0.305968 -1.469890 -0.054430
0.327256 -1.473947 -0.056739
0.354374 -1.456398 -0.058500
0.315672 -1.474190 -0.055610
0.320767 -1.472036 -0.056000
0.335854 -1.477973 -0.057796
0.355061 -1.480168 -0.059803
0.368988 -1.476468 -0.060983
0.330319 -1.503642 -0.074722
0.372534 -1.545960 -0.098043
0.333463 -1.505297 -0.042840
0.378983 -1.549356 -0.032650
0.297933 -1.556338 -0.058128
0.000000 0.000000 0.000000
0.000000 -0.923987 0.000000
0.011041 -0.913832 0.076751
0.407493 -0.856471 0.111101
0.215104 -0.505927 0.113167
0.215591 -0.506526 0.113093
0.208637 -0.473488 0.123882
0.268654 -0.484094 0.128149
0.340794 -0.454594 0.138052
0.000216 -0.907865 -0.076523
0.389290 -0.856952 -0.164125
0.194623 -0.509178 -0.131614
0.195131 -0.509761 -0.131557
0.190906 -0.477272 -0.145080
0.248250 -0.496264 -0.154228
0.322630 -0.477323 -0.171000
-0.033269 -0.942908 0.001613
0.007706 -1.048223 -0.006124
0.052830 -1.153339 -0.014685
0.168954 -1.300570 -0.034055
0.281723 -1.308356 -0.071851
0.239906 -1.356415 -0.201843
0.502768 -1.298526 -0.266529
0.775690 -1.305160 -0.215554
0.775690 -1.305160 -0.215554
0.802441 -1.298049 -0.227538
0.843271 -1.301087 -0.225028
0.871501 -1.305050 -0.221109
0.889768 -1.305645 -0.219292
0.907067 -1.307065 -0.216060
0.846391 -1.311142 -0.207937
0.881956 -1.307162 -0.198810
0.906680 -1.306619 -0.193236
0.925437 -1.306743 -0.187945
0.847317 -1.317571 -0.189374
0.885425 -1.309647 -0.175438
0.908835 -1.307878 -0.167761
0.928472 -1.308444 -0.161968
0.837707 -1.314112 -0.168190
0.873244 -1.310440 -0.158756
0.895971 -1.307451 -0.153005
0.914708 -1.306894 -0.149566
0.779628 -1.295295 -0.202529
0.786987 -1.290459 -0.183930
0.807174 -1.290746 -0.161517
0.834649 -1.290814 -0.143171
0.846623 -1.292999 -0.122836
0.286216 -1.311433 -0.015678
0.278618 -1.369283 0.116806
0.545275 -1.295092 0.121472
0.808031 -1.293818 0.031544
0.808031 -1.293818 0.031544
0.828238 -1.280996 0.047595
0.865684 -1.280391 0.059141
0.892280 -1.282853 0.065641
0.909511 -1.281386 0.068636
0.926279 -1.281218 0.070438
0.873927 -1.294441 0.049019
0.909000 -1.292115 0.052124
0.933049 -1.290134 0.054157
0.951568 -1.290835 0.055977
0.880727 -1.305919 0.035788
0.919867 -1.300601 0.035713
0.943354 -1.298450 0.036502
0.962833 -1.298365 0.038358
0.879042 -1.310410 0.013838
0.914083 -1.306373 0.015321
0.935907 -1.300603 0.015039
0.953682 -1.296876 0.016385
0.815934 -1.288646 0.018561
0.827997 -1.289348 0.003051
0.852256 -1.294020 -0.011788
0.882531 -1.295337 -0.020616
0.900437 -1.299995 -0.033668
0.248515 -1.368555 -0.044142
0.296426 -1.461104 -0.053033
0.315510 -1.478675 -0.055827
0.339001 -1.469218 -0.057651
0.393238 -1.434121 -0.061174
0.315834 -1.469706 -0.055393
0.325700 -1.474365 -0.056607
0.346007 -1.481582 -0.058984
0.364115 -1.478754 -0.060622
0.373861 -1.474182 -0.061345
0.364213 -1.546179 -0.096410
0.380854 -1.545740 -0.099677
0.370501 -1.549490 -0.032647
0.387465 -1.549222 -0.032652
0.299441 -1.651571 -0.063223
0.000000 0.000000 0.000000
0.010954 -1.447133 3.890435
