0.000000 0.000000 0.000000
-0.001913 -0.911079 -0.036789
-0.188830 -0.890529 -0.155626
-0.299942 -0.692612 -0.213242
-0.227509 -0.504552 -0.188907
-0.225679 -0.489595 -0.191892
-0.250695 -0.481468 -0.201864
-0.317703 -0.480701 -0.220426
-0.003586 -0.926519 0.038787
-0.193479 -0.952666 0.153394
-0.316386 -0.782255 0.253621
-0.254446 -0.590301 0.277241
-0.252957 -0.578090 0.286520
-0.278423 -0.573612 0.302023
-0.344415 -0.576454 0.323755
0.016550 -0.933499 -0.001577
0.013341 -0.992955 -0.014206
-0.042328 -1.084065 -0.035386
-0.166612 -1.146641 -0.052818
-0.303057 -1.138257 -0.041340
-0.347477 -1.159062 0.043684
-0.245426 -1.169747 0.205669
-0.245101 -1.049603 0.286586
-0.347674 -0.956742 0.278190
-0.367616 -0.933010 0.292168
-0.389544 -0.909781 0.296679
-0.397555 -0.891107 0.287328
-0.400052 -0.880343 0.273391
-0.371158 -0.951440 0.283811
-0.410105 -0.919602 0.292238
-0.422222 -0.896862 0.279906
-0.423213 -0.882246 0.263408
-0.378191 -0.956886 0.279666
-0.422496 -0.927045 0.282669
-0.431495 -0.900368 0.269921
-0.429867 -0.884009 0.254892
-0.381263 -0.962476 0.269637
-0.430770 -0.941621 0.265607
-0.444429 -0.917715 0.258068
-0.446651 -0.899890 0.247193
-0.347353 -0.967044 0.264993
-0.358477 -0.964386 0.250642
-0.378083 -0.962459 0.235456
-0.404838 -0.954507 0.223030
-0.428255 -0.942512 0.213945
-0.301937 -1.132420 -0.068924
-0.333294 -1.113676 -0.157930
-0.259657 -1.005498 -0.275977
-0.298548 -0.963359 -0.315293
-0.408366 -1.053186 -0.320362
-0.430682 -1.077025 -0.331247
-0.449368 -1.103575 -0.333519
-0.462695 -1.116627 -0.320836
-0.468298 -1.122376 -0.304742
-0.410011 -1.076608 -0.329023
-0.435105 -1.119314 -0.332926
-0.450798 -1.133879 -0.313262
-0.458500 -1.136301 -0.292475
-0.402077 -1.082495 -0.327977
-0.420480 -1.133295 -0.330860
-0.438058 -1.149600 -0.311766
-0.447855 -1.151200 -0.291552
-0.393018 -1.085266 -0.320561
-0.401100 -1.139132 -0.322312
-0.418907 -1.158845 -0.312334
-0.431865 -1.165712 -0.296971
-0.394631 -1.051823 -0.310525
-0.389757 -1.065139 -0.298646
-0.382789 -1.086950 -0.288479
-0.382565 -1.116897 -0.281122
-0.387847 -1.143890 -0.274974
-0.306162 -1.167782 -0.062146
-0.419395 -1.179896 -0.070422
-0.493319 -1.197277 -0.078764
-0.514892 -1.194236 -0.079323
-0.535207 -1.169620 -0.074049
-0.503927 -1.198129 -0.079665
-0.508104 -1.194547 -0.078975
-0.524359 -1.195188 -0.080179
-0.543361 -1.191106 -0.080297
-0.555470 -1.183315 -0.078989
-0.529923 -1.224762 -0.071789
-0.586398 -1.254633 -0.065863
-0.527959 -1.216511 -0.102726
-0.582369 -1.237708 -0.129320
-0.512933 -1.278756 -0.101740
0.000000 0.000000 0.000000
0.000000 -0.923987 0.000000
-0.003826 -0.898171 -0.073579
-0.373835 -0.882887 -0.237673
-0.226049 -0.502337 -0.188810
-0.228969 -0.506768 -0.189004
-0.222390 -0.472422 -0.194781
-0.279000 -0.490514 -0.208947
-0.356407 -0.470888 -0.231905
-0.007171 -0.929051 0.077575
-0.379786 -0.976281 0.229213
-0.252986 -0.588228 0.278029
-0.255907 -0.592374 0.276453
-0.250007 -0.563805 0.296586
-0.306839 -0.583419 0.307459
-0.381991 -0.569489 0.340050
0.033100 -0.943010 -0.003154
-0.006417 -1.042901 -0.025258
-0.078239 -1.125230 -0.045513
-0.254984 -1.168051 -0.060124
-0.351130 -1.108463 -0.022555
-0.343823 -1.209661 0.109923
-0.147029 -1.129834 0.301414
-0.343173 -0.969373 0.271758
-0.343173 -0.969373 0.271758
-0.352174 -0.944112 0.284621
-0.383057 -0.921909 0.299716
-0.396030 -0.897653 0.293643
-0.399080 -0.884561 0.281014
-0.401024 -0.876125 0.265769
-0.399142 -0.933507 0.295864
-0.421069 -0.905698 0.288612
-0.423374 -0.888025 0.271200
-0.423052 -0.876467 0.255615
-0.413209 -0.944399 0.287573
-0.431782 -0.909691 0.277765
-0.431209 -0.891046 0.262077
-0.428526 -0.876973 0.247708
-0.419353 -0.955580 0.267515
-0.442187 -0.927663 0.263698
-0.446671 -0.907766 0.252437
-0.446630 -0.892014 0.241950
-0.351533 -0.964715 0.258228
-0.365421 -0.964057 0.243056
-0.390745 -0.960861 0.227855
-0.418931 -0.948153 0.218205
-0.437580 -0.936871 0.209686
-0.348889 -1.096789 -0.077725
-0.317699 -1.130563 -0.238135
-0.201614 -0.880433 -0.313819
-0.395481 -1.046286 -0.316766
-0.395481 -1.046286 -0.316766
-0.421252 -1.060087 -0.323958
-0.440112 -1.093964 -0.338536
-0.458625 -1.113185 -0.328502
-0.466766 -1.120069 -0.313171
-0.469831 -1.124684 -0.296314
-0.424540 -1.106930 -0.341279
-0.445670 -1.131698 -0.324573
-0.455927 -1.136059 -0.301951
-0.461073 -1.136543 -0.282999
-0.408674 -1.118705 -0.339188
-0.432285 -1.147885 -0.322533
-0.443830 -1.151314 -0.300999
-0.451880 -1.151085 -0.282104
-0.390555 -1.124246 -0.324356
-0.411644 -1.154018 -0.320268
-0.426170 -1.163673 -0.304399
-0.437560 -1.167751 -0.289543
-0.393780 -1.057361 -0.304284
-0.385733 -1.072918 -0.293007
-0.379844 -1.100981 -0.283951
-0.385285 -1.132814 -0.278294
-0.390409 -1.154967 -0.271654
-0.357340 -1.167513 -0.064168
-0.481451 -1.192279 -0.076676
-0.505187 -1.202275 -0.080851
-0.524597 -1.186197 -0.077796
-0.565227 -1.136965 -0.067248
-0.502667 -1.193983 -0.078479
-0.513542 -1.195111 -0.079471
-0.535176 -1.195266 -0.080887
-0.551546 -1.186946 -0.079708
-0.559394 -1.179683 -0.078270
-0.578395 -1.257246 -0.066901
-0.594401 -1.252020 -0.064825
-0.574466 -1.240742 -0.128776
-0.590272 -1.234673 -0.129864
-0.544415 -1.365233 -0.126804
0.000000 0.000000 0.000000
-0.475273 -0.889784 3.567787
